问题2：
求解下面的MD-VRP问题：

车辆数目：不限制；
车辆容量：300；


3个车场，信息如下：
NO.	XCOORD.	YCOORD.	
0	15	15
1       75      75
2       65      25

客户信息（1-200，提供位置坐标和需求量）如下：
NO.	XCOORD.	YCOORD.	DEMAND
		
1	33	78	20
2	59	52	20
3	10	137	30
4	4	28	10
5	25	26	20
6	86	37	10
7	1	109	10
8	6	135	40
9	32	79	20
10	24	26	20
11	86	36	20
12	95	35	10
13	63	50	10
14	100	106	10
15	99	112	20
16	36	135	10
17	57	59	10
18	8	124	10
19	85	106	20
20	103	69	30
21	109	131	20
22	43	140	10
23	115	134	30
24	98	70	10
25	112	67	10
26	102	104	20
27	93	75	30
28	90	104	20
29	127	108	10
30	84	99	20
31	113	69	20
32	129	9	10
33	18	38	30
34	30	27	10
35	25	80	20
36	17	37	30
37	32	106	10
38	43	135	10
39	61	59	20
40	104	106	20
41	109	71	20
42	121	110	30
43	61	48	20
44	74	99	20
45	89	73	10
46	21	25	20
47	99	28	30
48	101	96	10
49	9	114	20
50	121	112	20
51	137	6	10
52	118	131	20
53	34	82	10
54	4	125	30
55	26	105	40
56	35	123	20
57	21	48	10
58	21	115	10
59	99	108	20
60	1	34	20
61	94	70	20
62	74	93	20
63	32	128	20
64	94	73	10
65	135	3	20
66	97	28	20
67	59	56	20
68	80	97	10
69	134	31	20
70	103	34	30
71	30	79	20
72	4	30	40
73	87	39	20
74	90	101	10
75	119	136	30
76	78	92	30
77	110	66	10
78	62	58	20
79	127	112	20
80	113	71	10
81	34	104	10
82	2	28	10
83	17	43	10
84	1	24	10
85	112	71	20
86	135	0	10
87	125	108	20
88	8	138	30
89	103	111	20
90	57	53	10
91	98	31	20
92	116	132	10
93	28	99	10
94	137	3	20
95	29	28	10
96	94	105	10
97	92	107	30
98	10	134	10
99	34	79	10
100	94	72	20
101	35	76	10
102	76	99	20
103	127	28	30
104	8	119	20
105	102	110	10
106	24	24	10
107	64	61	20
108	22	38	20
109	88	72	30
110	107	63	30
111	33	131	30
112	123	112	20
113	67	55	10
114	39	128	10
115	136	0	30
116	93	36	20
117	7	115	10
118	21	44	20
119	28	74	20
120	86	102	10
121	19	37	20
122	84	36	10
123	118	108	10
124	132	24	10
125	6	25	10
126	28	78	10
127	2	132	10
128	22	22	10
129	88	35	20
130	94	104	10
131	74	96	30
132	0	117	30
133	99	96	10
134	119	114	20
135	28	107	20
136	133	12	10
137	35	102	10
138	36	105	20
139	84	39	20
140	34	138	20
141	136	29	10
142	33	133	20
143	16	39	20
144	32	77	20
145	122	131	20
146	77	100	20
147	96	26	10
148	127	29	20
149	91	95	20
150	42	136	10
151	36	132	10
152	103	106	30
153	107	105	10
154	96	74	10
155	63	57	10
156	122	113	20
157	14	131	10
158	30	31	20
159	40	132	20
160	99	26	40
161	10	118	10
162	102	60	30
163	120	136	10
164	97	29	30
165	19	39	10
166	27	77	10
167	30	24	20
168	126	112	10
169	105	110	20
170	118	114	10
171	135	6	30
172	111	66	20
173	95	77	10
174	139	10	30
175	61	54	10
176	16	38	20
177	16	138	10
178	91	78	10
179	91	71	20
180	0	27	30
181	6	113	20
182	119	139	20
183	35	99	20
184	31	112	20
185	5	119	20
186	3	135	20
187	30	136	10
188	20	39	10
189	131	11	10
190	28	33	20
191	4	23	10
192	87	108	20
193	21	26	20
194	121	134	20
195	119	130	20
196	91	108	10
197	130	27	30
198	101	107	10
199	34	108	10
200	131	31	20


要求：车辆从某个车场点出发。200个客户点必须全部被访问。车辆全部返回其出发车场，车辆容量不可违反。
目标：全部车辆的总行驶距离最小化（两点间距离为直线距离，保留2位小数，任意两点之间都可以直接连通）。
要求提供最后解的结构（每个车访问客户的序列），提供最后的总距离结果，必须提供程序源代码。
